# S [MeV]   b [fm]   E0 [MeV]
10.000000  1.200000  5.000000
10.000000  1.221053  5.000000
10.000000  1.242105  5.000000
10.000000  1.263158  5.000000
10.000000  1.284211  5.000000
10.000000  1.305263  5.000000
10.000000  1.326316  5.000000
10.000000  1.347368  5.000000
10.000000  1.368421  5.000000
10.000000  1.389474  5.000000
10.000000  1.410526  5.000000
10.000000  1.431579  5.000000
10.000000  1.452632  5.000000
10.000000  1.473684  5.000000
10.000000  1.494737  5.000000
10.000000  1.515789  5.000000
10.000000  1.536842  5.000000
10.000000  1.557895  5.000000
10.000000  1.578947  5.000000
10.000000  1.600000  5.000000

10.526316  1.200000  5.000000
10.526316  1.221053  5.000000
10.526316  1.242105  5.000000
10.526316  1.263158  5.000000
10.526316  1.284211  5.000000
10.526316  1.305263  5.000000
10.526316  1.326316  5.000000
10.526316  1.347368  5.000000
10.526316  1.368421  5.000000
10.526316  1.389474  5.000000
10.526316  1.410526  5.000000
10.526316  1.431579  5.000000
10.526316  1.452632  5.000000
10.526316  1.473684  5.000000
10.526316  1.494737  5.000000
10.526316  1.515789  5.000000
10.526316  1.536842  5.000000
10.526316  1.557895  5.000000
10.526316  1.578947  5.000000
10.526316  1.600000  5.000000

11.052632  1.200000  5.000000
11.052632  1.221053  5.000000
11.052632  1.242105  5.000000
11.052632  1.263158  5.000000
11.052632  1.284211  5.000000
11.052632  1.305263  5.000000
11.052632  1.326316  5.000000
11.052632  1.347368  5.000000
11.052632  1.368421  5.000000
11.052632  1.389474  5.000000
11.052632  1.410526  5.000000
11.052632  1.431579  5.000000
11.052632  1.452632  5.000000
11.052632  1.473684  5.000000
11.052632  1.494737  5.000000
11.052632  1.515789  5.000000
11.052632  1.536842  5.000000
11.052632  1.557895  5.000000
11.052632  1.578947  5.000000
11.052632  1.600000  5.000000

11.578947  1.200000  5.000000
11.578947  1.221053  5.000000
11.578947  1.242105  5.000000
11.578947  1.263158  5.000000
11.578947  1.284211  5.000000
11.578947  1.305263  5.000000
11.578947  1.326316  5.000000
11.578947  1.347368  5.000000
11.578947  1.368421  5.000000
11.578947  1.389474  5.000000
11.578947  1.410526  5.000000
11.578947  1.431579  5.000000
11.578947  1.452632  5.000000
11.578947  1.473684  5.000000
11.578947  1.494737  5.000000
11.578947  1.515789  5.000000
11.578947  1.536842  5.000000
11.578947  1.557895  5.000000
11.578947  1.578947  5.000000
11.578947  1.600000  5.000000

12.105263  1.200000  5.000000
12.105263  1.221053  5.000000
12.105263  1.242105  5.000000
12.105263  1.263158  5.000000
12.105263  1.284211  5.000000
12.105263  1.305263  5.000000
12.105263  1.326316  5.000000
12.105263  1.347368  5.000000
12.105263  1.368421  5.000000
12.105263  1.389474  5.000000
12.105263  1.410526  5.000000
12.105263  1.431579  5.000000
12.105263  1.452632  5.000000
12.105263  1.473684  5.000000
12.105263  1.494737  5.000000
12.105263  1.515789  5.000000
12.105263  1.536842  5.000000
12.105263  1.557895  5.000000
12.105263  1.578947  5.000000
12.105263  1.600000  5.000000

12.631579  1.200000  5.000000
12.631579  1.221053  5.000000
12.631579  1.242105  5.000000
12.631579  1.263158  5.000000
12.631579  1.284211  5.000000
12.631579  1.305263  5.000000
12.631579  1.326316  5.000000
12.631579  1.347368  5.000000
12.631579  1.368421  5.000000
12.631579  1.389474  5.000000
12.631579  1.410526  5.000000
12.631579  1.431579  5.000000
12.631579  1.452632  5.000000
12.631579  1.473684  5.000000
12.631579  1.494737  5.000000
12.631579  1.515789  5.000000
12.631579  1.536842  5.000000
12.631579  1.557895  5.000000
12.631579  1.578947  5.000000
12.631579  1.600000  5.000000

13.157895  1.200000  5.000000
13.157895  1.221053  5.000000
13.157895  1.242105  5.000000
13.157895  1.263158  5.000000
13.157895  1.284211  5.000000
13.157895  1.305263  5.000000
13.157895  1.326316  5.000000
13.157895  1.347368  5.000000
13.157895  1.368421  5.000000
13.157895  1.389474  5.000000
13.157895  1.410526  5.000000
13.157895  1.431579  5.000000
13.157895  1.452632  5.000000
13.157895  1.473684  5.000000
13.157895  1.494737  5.000000
13.157895  1.515789  5.000000
13.157895  1.536842  5.000000
13.157895  1.557895  5.000000
13.157895  1.578947  5.000000
13.157895  1.600000  5.000000

13.684211  1.200000  5.000000
13.684211  1.221053  5.000000
13.684211  1.242105  5.000000
13.684211  1.263158  5.000000
13.684211  1.284211  5.000000
13.684211  1.305263  5.000000
13.684211  1.326316  5.000000
13.684211  1.347368  5.000000
13.684211  1.368421  5.000000
13.684211  1.389474  5.000000
13.684211  1.410526  5.000000
13.684211  1.431579  5.000000
13.684211  1.452632  5.000000
13.684211  1.473684  5.000000
13.684211  1.494737  5.000000
13.684211  1.515789  5.000000
13.684211  1.536842  5.000000
13.684211  1.557895  5.000000
13.684211  1.578947  5.000000
13.684211  1.600000  4.969943

14.210526  1.200000  5.000000
14.210526  1.221053  5.000000
14.210526  1.242105  5.000000
14.210526  1.263158  5.000000
14.210526  1.284211  5.000000
14.210526  1.305263  5.000000
14.210526  1.326316  5.000000
14.210526  1.347368  5.000000
14.210526  1.368421  5.000000
14.210526  1.389474  5.000000
14.210526  1.410526  5.000000
14.210526  1.431579  5.000000
14.210526  1.452632  5.000000
14.210526  1.473684  5.000000
14.210526  1.494737  5.000000
14.210526  1.515789  5.000000
14.210526  1.536842  5.000000
14.210526  1.557895  5.000000
14.210526  1.578947  4.978088
14.210526  1.600000  4.892903

14.736842  1.200000  5.000000
14.736842  1.221053  5.000000
14.736842  1.242105  5.000000
14.736842  1.263158  5.000000
14.736842  1.284211  5.000000
14.736842  1.305263  5.000000
14.736842  1.326316  5.000000
14.736842  1.347368  5.000000
14.736842  1.368421  5.000000
14.736842  1.389474  5.000000
14.736842  1.410526  5.000000
14.736842  1.431579  5.000000
14.736842  1.452632  5.000000
14.736842  1.473684  5.000000
14.736842  1.494737  5.000000
14.736842  1.515789  5.000000
14.736842  1.536842  5.000000
14.736842  1.557895  4.990358
14.736842  1.578947  4.904804
14.736842  1.600000  4.811266

15.263158  1.200000  5.000000
15.263158  1.221053  5.000000
15.263158  1.242105  5.000000
15.263158  1.263158  5.000000
15.263158  1.284211  5.000000
15.263158  1.305263  5.000000
15.263158  1.326316  5.000000
15.263158  1.347368  5.000000
15.263158  1.368421  5.000000
15.263158  1.389474  5.000000
15.263158  1.410526  5.000000
15.263158  1.431579  5.000000
15.263158  1.452632  5.000000
15.263158  1.473684  5.000000
15.263158  1.494737  5.000000
15.263158  1.515789  5.000000
15.263158  1.536842  5.000000
15.263158  1.557895  4.920929
15.263158  1.578947  4.827338
15.263158  1.600000  4.724775

15.789474  1.200000  5.000000
15.789474  1.221053  5.000000
15.789474  1.242105  5.000000
15.789474  1.263158  5.000000
15.789474  1.284211  5.000000
15.789474  1.305263  5.000000
15.789474  1.326316  5.000000
15.789474  1.347368  5.000000
15.789474  1.368421  5.000000
15.789474  1.389474  5.000000
15.789474  1.410526  5.000000
15.789474  1.431579  5.000000
15.789474  1.452632  5.000000
15.789474  1.473684  5.000000
15.789474  1.494737  5.000000
15.789474  1.515789  5.000000
15.789474  1.536842  4.940900
15.789474  1.557895  4.847709
15.789474  1.578947  4.745464
15.789474  1.600000  4.633143

16.315789  1.200000  5.000000
16.315789  1.221053  5.000000
16.315789  1.242105  5.000000
16.315789  1.263158  5.000000
16.315789  1.284211  5.000000
16.315789  1.305263  5.000000
16.315789  1.326316  5.000000
16.315789  1.347368  5.000000
16.315789  1.368421  5.000000
16.315789  1.389474  5.000000
16.315789  1.410526  5.000000
16.315789  1.431579  5.000000
16.315789  1.452632  5.000000
16.315789  1.473684  5.000000
16.315789  1.494737  5.000000
16.315789  1.515789  4.964319
16.315789  1.536842  4.871957
16.315789  1.557895  4.770506
16.315789  1.578947  4.658938
16.315789  1.600000  4.536055

16.842105  1.200000  5.000000
16.842105  1.221053  5.000000
16.842105  1.242105  5.000000
16.842105  1.263158  5.000000
16.842105  1.284211  5.000000
16.842105  1.305263  5.000000
16.842105  1.326316  5.000000
16.842105  1.347368  5.000000
16.842105  1.368421  5.000000
16.842105  1.389474  5.000000
16.842105  1.410526  5.000000
16.842105  1.431579  5.000000
16.842105  1.452632  5.000000
16.842105  1.473684  5.000000
16.842105  1.494737  4.990780
16.842105  1.515789  4.899643
16.842105  1.536842  4.799430
16.842105  1.557895  4.689112
16.842105  1.578947  4.567492
16.842105  1.600000  4.433165

17.368421  1.200000  5.000000
17.368421  1.221053  5.000000
17.368421  1.242105  5.000000
17.368421  1.263158  5.000000
17.368421  1.284211  5.000000
17.368421  1.305263  5.000000
17.368421  1.326316  5.000000
17.368421  1.347368  5.000000
17.368421  1.368421  5.000000
17.368421  1.389474  5.000000
17.368421  1.410526  5.000000
17.368421  1.431579  5.000000
17.368421  1.452632  5.000000
17.368421  1.473684  5.000000
17.368421  1.494737  4.930322
17.368421  1.515789  4.831752
17.368421  1.536842  4.723141
17.368421  1.557895  4.603298
17.368421  1.578947  4.470830
17.368421  1.600000  4.324090

17.894737  1.200000  5.000000
17.894737  1.221053  5.000000
17.894737  1.242105  5.000000
17.894737  1.263158  5.000000
17.894737  1.284211  5.000000
17.894737  1.305263  5.000000
17.894737  1.326316  5.000000
17.894737  1.347368  5.000000
17.894737  1.368421  5.000000
17.894737  1.389474  5.000000
17.894737  1.410526  5.000000
17.894737  1.431579  5.000000
17.894737  1.452632  5.000000
17.894737  1.473684  4.963550
17.894737  1.494737  4.866993
17.894737  1.515789  4.760499
17.894737  1.536842  4.642898
17.894737  1.557895  4.512815
17.894737  1.578947  4.368627
17.894737  1.600000  4.208408

18.421053  1.200000  5.000000
18.421053  1.221053  5.000000
18.421053  1.242105  5.000000
18.421053  1.263158  5.000000
18.421053  1.284211  5.000000
18.421053  1.305263  5.000000
18.421053  1.326316  5.000000
18.421053  1.347368  5.000000
18.421053  1.368421  5.000000
18.421053  1.389474  5.000000
18.421053  1.410526  5.000000
18.421053  1.431579  5.000000
18.421053  1.452632  4.998892
18.421053  1.473684  4.904674
18.421053  1.494737  4.800667
18.421053  1.515789  4.685722
18.421053  1.536842  4.558491
18.421053  1.557895  4.417389
18.421053  1.578947  4.260528
18.421053  1.600000  4.085651

18.947368  1.200000  5.000000
18.947368  1.221053  5.000000
18.947368  1.242105  5.000000
18.947368  1.263158  5.000000
18.947368  1.284211  5.000000
18.947368  1.305263  5.000000
18.947368  1.326316  5.000000
18.947368  1.347368  5.000000
18.947368  1.368421  5.000000
18.947368  1.389474  5.000000
18.947368  1.410526  5.000000
18.947368  1.431579  5.000000
18.947368  1.452632  4.944336
18.947368  1.473684  4.843139
18.947368  1.494737  4.731212
18.947368  1.515789  4.607245
18.947368  1.536842  4.469693
18.947368  1.557895  4.316722
18.947368  1.578947  4.146140
18.947368  1.600000  3.955306

19.473684  1.200000  5.000000
19.473684  1.221053  5.000000
19.473684  1.242105  5.000000
19.473684  1.263158  5.000000
19.473684  1.284211  5.000000
19.473684  1.305263  5.000000
19.473684  1.326316  5.000000
19.473684  1.347368  5.000000
19.473684  1.368421  5.000000
19.473684  1.389474  5.000000
19.473684  1.410526  5.000000
19.473684  1.431579  4.985533
19.473684  1.452632  4.887426
19.473684  1.473684  4.778833
19.473684  1.494737  4.658482
19.473684  1.515789  4.524880
19.473684  1.536842  4.376253
19.473684  1.557895  4.210487
19.473684  1.578947  4.025031
19.473684  1.600000  3.816804

20.000000  1.200000  5.000000
20.000000  1.221053  5.000000
20.000000  1.242105  5.000000
20.000000  1.263158  5.000000
20.000000  1.284211  5.000000
20.000000  1.305263  5.000000
20.000000  1.326316  5.000000
20.000000  1.347368  5.000000
20.000000  1.368421  5.000000
20.000000  1.389474  5.000000
20.000000  1.410526  5.000000
20.000000  1.431579  4.933064
20.000000  1.452632  4.828070
20.000000  1.473684  4.711635
20.000000  1.494737  4.582320
20.000000  1.515789  4.438419
20.000000  1.536842  4.277902
20.000000  1.557895  4.098324
20.000000  1.578947  3.896729
20.000000  1.600000  3.669519

