# S [MeV]   b [fm]   E0 [MeV]
10.000000  1.200000  3.928899
10.000000  1.221053  3.736040
10.000000  1.242105  3.522922
10.000000  1.263158  3.287717
10.000000  1.284211  3.028441
10.000000  1.305263  2.742944
10.000000  1.326316  2.428907
10.000000  1.347368  2.083834
10.000000  1.368421  1.705050
10.000000  1.389474  1.289707
10.000000  1.410526  0.834792
10.000000  1.431579  0.337146
10.000000  1.452632  -0.206515
10.000000  1.473684  -0.799564
10.000000  1.494737  -1.445427
10.000000  1.515789  -2.147530
10.000000  1.536842  -2.909249
10.000000  1.557895  -3.733855
10.000000  1.578947  -4.624454
10.000000  1.600000  -5.583942

10.526316  1.200000  3.751850
10.526316  1.221053  3.534998
10.526316  1.242105  3.295026
10.526316  1.263158  3.029793
10.526316  1.284211  2.736977
10.526316  1.305263  2.414064
10.526316  1.326316  2.058342
10.526316  1.347368  1.666901
10.526316  1.368421  1.236636
10.526316  1.389474  0.764260
10.526316  1.410526  0.246318
10.526316  1.431579  -0.320778
10.526316  1.452632  -0.940719
10.526316  1.473684  -1.617244
10.526316  1.494737  -2.354091
10.526316  1.515789  -3.154937
10.526316  1.536842  -4.023330
10.526316  1.557895  -4.962630
10.526316  1.578947  -5.975952
10.526316  1.600000  -7.066112

11.052632  1.200000  3.563096
11.052632  1.221053  3.320374
11.052632  1.242105  3.051392
11.052632  1.263158  2.753666
11.052632  1.284211  2.424499
11.052632  1.305263  2.060978
11.052632  1.326316  1.659966
11.052632  1.347368  1.218112
11.052632  1.368421  0.731859
11.052632  1.389474  0.197465
11.052632  1.410526  -0.388964
11.052632  1.431579  -1.031432
11.052632  1.452632  -1.734000
11.052632  1.473684  -2.500727
11.052632  1.494737  -3.335596
11.052632  1.515789  -4.242450
11.052632  1.536842  -5.224917
11.052632  1.557895  -6.286349
11.052632  1.578947  -7.429768
11.052632  1.600000  -8.657827

11.578947  1.200000  3.362256
11.578947  1.221053  3.091699
11.578947  1.242105  2.791452
11.578947  1.263158  2.458652
11.578947  1.284211  2.090195
11.578947  1.305263  1.682737
11.578947  1.326316  1.232688
11.578947  1.347368  0.736235
11.578947  1.368421  0.189355
11.578947  1.389474  -0.412146
11.578947  1.410526  -1.072586
11.578947  1.431579  -1.796352
11.578947  1.452632  -2.587828
11.578947  1.473684  -3.451322
11.578947  1.494737  -4.390982
11.578947  1.515789  -5.410725
11.578947  1.536842  -6.514166
11.578947  1.557895  -7.704555
11.578947  1.578947  -8.984738
11.578947  1.600000  -10.357125

12.105263  1.200000  3.148938
12.105263  1.221053  2.848494
12.105263  1.242105  2.514626
12.105263  1.263158  2.144059
12.105263  1.284211  1.733253
12.105263  1.305263  1.278402
12.105263  1.326316  0.775446
12.105263  1.347368  0.220093
12.105263  1.368421  -0.392143
12.105263  1.389474  -1.065893
12.105263  1.410526  -1.805870
12.105263  1.431579  -2.616793
12.105263  1.452632  -3.503304
12.105263  1.473684  -4.469879
12.105263  1.494737  -5.520744
12.105263  1.515789  -6.659801
12.105263  1.536842  -7.890556
12.105263  1.557895  -9.216079
12.105263  1.578947  -10.638972
12.105263  1.600000  -12.161354

12.631579  1.200000  2.922740
12.631579  1.221053  2.590270
12.631579  1.242105  2.220326
12.631579  1.263158  1.809195
12.631579  1.284211  1.352869
12.631579  1.305263  0.847061
12.631579  1.326316  0.287224
12.631579  1.347368  -0.331409
12.631579  1.368421  -1.013778
12.631579  1.389474  -1.764921
12.631579  1.410526  -2.589899
12.631579  1.431579  -3.493700
12.631579  1.452632  -4.481145
12.631579  1.473684  -5.556794
12.631579  1.494737  -6.724863
12.631579  1.515789  -7.989147
12.631579  1.536842  -9.352972
12.631579  1.557895  -10.819163
12.631579  1.578947  -12.390027
12.631579  1.600000  -14.067360

13.157895  1.200000  2.683251
13.157895  1.221053  2.316531
13.157895  1.242105  1.907966
13.157895  1.263158  1.453373
13.157895  1.284211  0.948258
13.157895  1.305263  0.387836
13.157895  1.326316  -0.232928
13.157895  1.347368  -0.919270
13.157895  1.368421  -1.676553
13.157895  1.389474  -2.510182
13.157895  1.410526  -3.425501
13.157895  1.431579  -4.427697
13.157895  1.452632  -5.521687
13.157895  1.473684  -6.712029
13.157895  1.494737  -8.002841
13.157895  1.515789  -9.397742
13.157895  1.536842  -10.899815
13.157895  1.557895  -12.511590
13.157895  1.578947  -14.235052
13.157895  1.600000  -16.071660

13.684211  1.200000  2.430056
13.684211  1.221053  2.026780
13.684211  1.242105  1.576960
13.684211  1.263158  1.075921
13.684211  1.284211  0.518663
13.684211  1.305263  -0.100099
13.684211  1.326316  -0.785884
13.684211  1.347368  -1.544371
13.684211  1.368421  -2.381309
13.684211  1.389474  -3.302410
13.684211  1.410526  -4.313237
13.684211  1.431579  -5.419091
13.684211  1.452632  -6.624903
13.684211  1.473684  -7.935148
13.684211  1.494737  -9.353774
13.684211  1.515789  -10.884161
13.684211  1.536842  -12.529104
13.684211  1.557895  -14.290813
13.684211  1.578947  -16.170933
13.684211  1.600000  -18.170583

14.210526  1.200000  2.162736
14.210526  1.221053  1.720521
14.210526  1.242105  1.226732
14.210526  1.263158  0.676184
14.210526  1.284211  0.063365
14.210526  1.305263  -0.617510
14.210526  1.326316  -1.372423
14.210526  1.347368  -2.207462
14.210526  1.368421  -3.128711
14.210526  1.389474  -4.142123
14.210526  1.410526  -5.253403
14.210526  1.431579  -6.467885
14.210526  1.452632  -7.790434
14.210526  1.473684  -9.225370
14.210526  1.494737  -10.776411
14.210526  1.515789  -12.446657
14.210526  1.536842  -14.238583
14.210526  1.557895  -16.154063
14.210526  1.578947  -18.194401
14.210526  1.600000  -20.360379

14.736842  1.200000  1.880872
14.736842  1.221053  1.397263
14.736842  1.242105  0.856722
14.736842  1.263158  0.253541
14.736842  1.284211  -0.418306
14.736842  1.305263  -1.165087
14.736842  1.326316  -1.993219
14.736842  1.347368  -2.909154
14.736842  1.368421  -3.919245
14.736842  1.389474  -5.029618
14.736842  1.410526  -6.246038
14.736842  1.431579  -7.573798
14.736842  1.452632  -9.017624
14.736842  1.473684  -10.581621
14.736842  1.494737  -12.269234
14.736842  1.515789  -14.083249
14.736842  1.536842  -16.025807
14.736842  1.557895  -18.098443
14.736842  1.578947  -20.302125
14.736842  1.600000  -22.637307

15.263158  1.200000  1.584048
15.263158  1.221053  1.056525
15.263158  1.242105  0.466388
15.263158  1.263158  -0.192599
15.263158  1.284211  -0.926966
15.263158  1.305263  -1.743441
15.263158  1.326316  -2.648835
15.263158  1.347368  -3.649906
15.263158  1.368421  -4.753214
15.263158  1.389474  -5.964977
15.263158  1.410526  -7.290946
15.263158  1.431579  -8.736301
15.263158  1.452632  -10.305570
15.263158  1.473684  -12.002595
15.263158  1.494737  -13.830517
15.263158  1.515789  -15.791791
15.263158  1.536842  -17.888221
15.263158  1.557895  -20.121003
15.263158  1.578947  -22.490778
15.263158  1.600000  -24.997686

15.789474  1.200000  1.271853
15.789474  1.221053  0.697841
15.789474  1.242105  0.055216
15.789474  1.263158  -0.662780
15.789474  1.284211  -1.463164
15.789474  1.305263  -2.353090
15.789474  1.326316  -3.339712
15.789474  1.347368  -4.430032
15.789474  1.368421  -5.630742
15.789474  1.389474  -6.948082
15.789474  1.410526  -8.387716
15.789474  1.431579  -9.954649
15.789474  1.452632  -11.653163
15.789474  1.473684  -13.486805
15.789474  1.494737  -15.458391
15.789474  1.515789  -17.570039
15.789474  1.536842  -19.823216
15.789474  1.557895  -22.218790
15.789474  1.578947  -24.757086
15.789474  1.600000  -27.437941

16.315789  1.200000  0.943888
16.315789  1.221053  0.320763
16.315789  1.242105  -0.377276
16.315789  1.263158  -1.157499
16.315789  1.284211  -2.027381
16.315789  1.305263  -2.994457
16.315789  1.326316  -4.066170
16.315789  1.347368  -5.249696
16.315789  1.368421  -6.551786
16.315789  1.389474  -7.978632
16.315789  1.410526  -9.535751
16.315789  1.431579  -11.227918
16.315789  1.452632  -13.059137
16.315789  1.473684  -15.032634
16.315789  1.494737  -17.150894
16.315789  1.515789  -19.415697
16.315789  1.536842  -21.828182
16.315789  1.557895  -24.388896
16.315789  1.578947  -27.097861
16.315789  1.600000  -29.954621

16.842105  1.200000  0.599764
16.842105  1.221053  -0.075134
16.842105  1.242105  -0.831535
16.842105  1.263158  -1.677198
16.842105  1.284211  -2.620019
16.842105  1.305263  -3.667867
16.842105  1.326316  -4.828406
16.842105  1.347368  -6.108917
16.842105  1.368421  -7.516146
16.842105  1.389474  -9.056166
16.842105  1.410526  -10.734294
16.842105  1.431579  -12.555042
16.842105  1.452632  -14.522104
16.842105  1.473684  -16.638379
16.842105  1.494737  -18.906015
16.842105  1.515789  -21.326461
16.842105  1.536842  -23.900535
16.842105  1.557895  -26.628479
16.842105  1.578947  -29.510018
16.842105  1.600000  -32.544417

17.368421  1.200000  0.239108
17.368421  1.221053  -0.490250
17.368421  1.242105  -1.307965
17.368421  1.263158  -2.222259
17.368421  1.284211  -3.241404
17.368421  1.305263  -4.373544
17.368421  1.326316  -5.626497
17.368421  1.347368  -7.007586
17.368421  1.368421  -8.523478
17.368421  1.389474  -10.180079
17.368421  1.410526  -11.982462
17.368421  1.431579  -13.934843
17.368421  1.452632  -16.040595
17.368421  1.473684  -18.302284
17.368421  1.494737  -20.721725
17.368421  1.515789  -23.300045
17.368421  1.536842  -26.037751
17.368421  1.557895  -28.934786
17.368421  1.578947  -31.990594
17.368421  1.600000  -35.204166

17.894737  1.200000  -0.138431
17.894737  1.221053  -0.924951
17.894737  1.242105  -1.806927
17.894737  1.263158  -2.793004
17.894737  1.284211  -3.891781
17.894737  1.305263  -5.111613
17.894737  1.326316  -6.460411
17.894737  1.347368  -7.945468
17.894737  1.368421  -9.573320
17.894737  1.389474  -11.349654
17.894737  1.410526  -13.279268
17.894737  1.431579  -15.366066
17.894737  1.452632  -17.613090
17.894737  1.473684  -20.022573
17.894737  1.494737  -22.596007
17.894737  1.515789  -25.334205
17.894737  1.536842  -28.237371
17.894737  1.557895  -31.305164
17.894737  1.578947  -34.536749
17.894737  1.600000  -37.930852

18.421053  1.200000  -0.533186
18.421053  1.221053  -1.379572
18.421053  1.242105  -2.328731
18.421053  1.263158  -3.389687
18.421053  1.284211  -4.571311
18.421053  1.305263  -5.882106
18.421053  1.326316  -7.330008
18.421053  1.347368  -8.922221
18.421053  1.368421  -10.665099
18.421053  1.389474  -12.564075
18.421053  1.410526  -14.623649
18.421053  1.431579  -16.847399
18.421053  1.452632  -19.238038
18.421053  1.473684  -21.797471
18.421053  1.494737  -24.526872
18.421053  1.515789  -27.426751
18.421053  1.536842  -30.497022
18.421053  1.557895  -33.737062
18.421053  1.578947  -37.145768
18.421053  1.600000  -40.721605

18.947368  1.200000  -0.945462
18.947368  1.221053  -1.854410
18.947368  1.242105  -2.873638
18.947368  1.263158  -4.012501
18.947368  1.284211  -5.280080
18.947368  1.305263  -6.684964
18.947368  1.326316  -8.235052
18.947368  1.347368  -9.937407
18.947368  1.368421  -11.798157
18.947368  1.389474  -13.822456
18.947368  1.410526  -16.014487
18.947368  1.431579  -18.377502
18.947368  1.452632  -20.913884
18.947368  1.473684  -23.625220
18.947368  1.494737  -26.512374
18.947368  1.515789  -29.575563
18.947368  1.536842  -32.814415
18.947368  1.557895  -36.228038
18.947368  1.578947  -39.815062
18.947368  1.600000  -43.573697

19.473684  1.200000  -1.375540
19.473684  1.221053  -2.349724
19.473684  1.242105  -3.441858
19.473684  1.263158  -4.661571
19.473684  1.284211  -6.018097
19.473684  1.305263  -7.520045
19.473684  1.326316  -9.175223
19.473684  1.347368  -10.990505
19.473684  1.368421  -12.971765
19.473684  1.389474  -15.123852
19.473684  1.410526  -17.450629
19.473684  1.431579  -19.955019
19.473684  1.452632  -22.639082
19.473684  1.473684  -25.504094
19.473684  1.494737  -28.550620
19.473684  1.515789  -31.778589
19.473684  1.536842  -35.187355
19.473684  1.557895  -38.775755
19.473684  1.578947  -42.542163
19.473684  1.600000  -46.484533

20.000000  1.200000  -1.823670
20.000000  1.221053  -2.865733
20.000000  1.242105  -4.033547
20.000000  1.263158  -5.336961
20.000000  1.284211  -6.785297
20.000000  1.305263  -8.387130
20.000000  1.326316  -10.150125
20.000000  1.347368  -12.080931
20.000000  1.368421  -14.185138
20.000000  1.389474  -16.467283
20.000000  1.410526  -18.930902
20.000000  1.431579  -21.578595
20.000000  1.452632  -24.412107
20.000000  1.473684  -27.432408
20.000000  1.494737  -30.639776
20.000000  1.515789  -34.033856
20.000000  1.536842  -37.613733
20.000000  1.557895  -41.377982
20.000000  1.578947  -45.324719
20.000000  1.600000  -49.451649

